KT.TXT	Home to Kaynes Technologies Cycle
Test Time, secs Target Speed, mph
0	12.98665
1	13.44233
2	13.898
3	14.35367
4	13.29734
5	12.24101
6	11.18468
7	9.85909
8	8.5335
9	7.2079
10	7.46888
11	7.72986
12	7.99083
13	8.25181
14	8.51278
15	10.87399
16	13.2352
17	15.59641
18	17.30518
19	19.01395
20	19.69746
21	20.38097
22	20.97127
23	21.56157
24	21.31303
25	21.06448
26	20.90913
27	20.75379
28	20.69165
29	20.62952
30	19.97708
31	19.32464
32	17.7505
33	16.17636
34	14.60222
35	12.84685
36	11.09147
37	9.3361
38	7.58073
39	9.10309
40	10.62544
41	12.1478
42	13.67016
43	12.08567
44	10.50117
45	8.91667
46	7.33218
47	8.2487
48	9.16522
49	10.08174
50	10.99827
51	12.09602
52	13.19378
53	14.29153
54	15.30644
55	16.32134
56	17.33625
57	16.38866
58	15.44107
59	14.49348
60	13.54589
61	14.04298
62	14.54008
63	14.14655
64	13.75301
65	13.35948
66	12.44295
67	11.52643
68	10.60991
69	9.69339
70	9.51733
71	9.34128
72	9.16522
73	8.98917
74	8.81311
75	8.63706
76	8.26423
77	7.89141
78	7.51859
79	9.42413
80	11.32966
81	13.2352
82	14.16726
83	15.09932
84	16.03137
85	17.55373
86	19.07609
87	18.36151
88	17.64694
89	15.7414
90	13.83586
91	11.93032
92	11.72838
93	11.52643
94	11.32449
95	11.12254
96	11.10701
97	11.09147
98	11.07594
99	11.0604
100	14.2294
101	17.39839
102	19.72853
103	22.05867
104	23.42569
105	24.7927
106	23.98492
107	23.17714
108	22.95966
109	22.74218
110	22.86645
111	22.99073
112	23.115
113	23.23928
114	22.12081
115	21.00234
116	19.88387
117	18.7654
118	17.64694
119	16.52847
120	17.0877
121	17.64694
122	18.20617
123	18.7654
124	21.12661
125	21.08001
126	21.03341
127	20.98681
128	20.9402
129	22.0742
130	23.20821
131	24.34221
132	25.47621
133	24.23347
134	23.84511
135	23.45676
136	23.0684
137	22.68004
138	22.44703
139	22.21401
140	21.981
141	21.74799
142	21.40623
143	21.06448
144	21.08001
145	21.09555
146	21.11108
147	21.12661
148	18.80683
149	16.48704
150	14.16726
151	13.72194
152	13.27663
153	12.83131
154	12.386
155	11.94068
156	11.49536
157	11.68799
158	11.88061
159	12.07324
160	12.26586
161	12.45849
162	12.65111
163	12.84374
164	13.03636
165	13.22899
166	13.42161
167	13.42161
168	13.42161
169	13.87729
170	14.33296
171	14.78863
172	16.69417
173	18.59971
174	20.50524
175	21.57711
176	22.64897
177	23.72084
178	24.7927
179	25.16553
180	25.53835
181	26.32542
182	27.11249
183	27.89956
184	26.56361
185	25.22766
186	25.63155
187	26.03544
188	25.72476
189	25.41407
190	24.51309
191	23.6121
192	22.71111
193	21.81012
194	22.64897
195	23.48782
196	24.32667
197	25.16553
198	25.91117
199	26.65682
200	27.40246
201	26.22186
202	24.48202
203	22.74218
204	22.07938
205	21.41659
206	20.75379
207	16.52847
208	15.19252
209	13.85657
210	12.52063
211	11.18468
212	13.00219
213	14.8197
214	16.63721
215	18.45472
216	20.50524
217	22.55577
218	23.6121
219	24.66843
220	25.72476
221	27.65101
222	29.57726
223	30.19863
224	30.82
225	30.57145
226	30.3229
227	30.10542
228	29.88795
229	27.9617
230	26.03544
231	24.10919
232	24.38881
233	24.66843
234	24.94805
235	25.22766
236	25.47621
237	25.72476
238	25.97331
239	26.15972
240	26.34613
241	26.53254
242	26.71895
243	25.67816
244	24.63736
245	23.59656
246	22.55577
247	17.05663
248	11.5575
249	12.39635
250	13.2352
251	14.07405
252	14.9129
253	15.55499
254	16.19707
255	16.83915
256	15.37893
257	13.91871
258	12.45849
259	10.99827
260	12.33865
261	13.67904
262	15.01942
263	16.35981
264	17.7002
265	19.04058
266	20.38097
267	21.35963
268	22.33829
269	23.31695
270	24.29561
271	23.13054
272	21.96546
273	20.80039
274	19.63532
275	18.56346
276	17.49159
277	16.41973
278	15.34786
279	13.04879
280	10.74972
281	8.45065
282	6.15157
283	8.04054
284	9.92951
285	11.81848
286	13.70744
287	15.59641
288	18.01976
289	20.44311
290	21.64442
291	22.84574
292	24.04706
293	25.19659
294	26.34613
295	27.49567
296	28.6452
297	27.57334
298	26.50147
299	25.42961
300	24.35774
301	23.79851
302	23.23928
303	22.68004
304	22.18294
305	21.68585
306	21.4373
307	21.18875
308	20.9402
309	18.29938
310	15.65855
311	14.25011
312	12.84167
313	11.43323
314	10.02479
315	8.61634
316	7.2079
317	8.31602
318	9.42413
319	10.53224
320	11.64035
321	12.74846
322	13.85657
323	15.06825
324	16.27992
325	17.49159
326	18.70327
327	19.91494
328	21.12661
329	21.99653
330	22.86645
331	23.73637
332	24.60629
333	24.60629
334	24.60629
335	24.60629
336	24.60629
337	24.66843
338	24.73057
339	25.27427
340	25.81797
341	26.36166
342	26.90536
343	27.24712
344	27.58887
345	27.93063
346	28.27238
347	26.69824
348	25.1241
349	23.54996
350	23.7778
351	24.00563
352	24.23347
353	23.88136
354	23.52925
355	23.17714
356	23.4464
357	23.71566
358	23.98492
359	23.92278
360	23.86065
361	24.89626
362	25.93188
363	26.9675
364	26.44969
365	25.93188
366	25.41407
367	24.89626
368	24.37846
369	23.86065
370	23.04044
371	22.22023
372	21.40002
373	20.57981
374	19.7596
375	17.95762
376	16.15565
377	14.35367
378	15.86049
379	17.36732
380	18.87414
381	20.38097
382	20.38097
383	20.38097
384	20.38097
385	20.38097
386	20.46382
387	20.54667
388	20.62952
389	21.77905
390	22.92859
391	23.33248
392	23.73637
393	24.14026
394	24.54415
395	25.72476
396	26.90536
397	27.26265
398	27.61994
399	27.97723
400	28.33452
401	28.03937
402	27.74422
403	27.44906
404	27.15391
405	26.36684
406	25.57977
407	24.7927
408	23.79851
409	23.54996
410	23.30141
411	23.42569
412	23.54996
413	24.66843
414	25.7869
415	25.72476
416	25.66262
417	26.31506
418	26.9675
419	27.58887
420	28.21024
421	28.43808
422	28.66592
423	28.89375
424	28.33452
425	28.24131
426	28.14811
427	28.58307
428	29.01803
429	28.48986
430	27.9617
431	28.36559
432	28.76948
433	28.80055
434	28.83161
435	29.20444
436	29.57726
437	29.39085
438	29.20444
439	29.35978
440	29.51512
441	29.6394
442	29.76367
443	30.07436
444	30.38504
445	29.57726
446	28.76948
447	28.31381
448	27.85813
449	27.40246
450	27.42317
451	27.44389
452	27.4646
453	26.94679
454	26.42898
455	25.91117
456	26.53254
457	27.15391
458	28.19471
459	29.23551
460	30.2763
461	31.3171
462	30.94428
463	30.57145
464	30.19863
465	29.82581
466	29.70153
467	29.57726
468	30.73715
469	31.89704
470	33.05694
471	31.68992
472	30.3229
473	30.35397
474	30.38504
475	30.75786
476	31.13069
477	30.97534
478	30.82
479	30.38504
480	29.95008
481	29.68082
482	29.41156
483	29.1423
484	28.87304
485	28.60378
486	28.33452
487	28.03626
488	27.738
489	27.43974
490	27.14149
491	26.84323
492	26.78109
493	26.71895
494	26.65682
495	26.59468
496	26.53254
497	26.54808
498	26.56361
499	26.57914
500	26.59468
501	25.9526
502	25.31051
503	24.66843
504	22.7836
505	20.89878
506	19.01395
507	19.32464
508	19.63532
509	19.94601
510	20.25669
511	20.56738
512	20.87807
513	21.79459
514	22.71111
515	23.62763
516	24.54415
517	25.63155
518	26.71895
519	27.12284
520	27.52674
521	27.67586
522	27.82499
523	27.97412
524	28.12325
525	28.27238
526	27.89956
527	27.52674
528	27.15391
529	27.09178
530	27.02964
531	27.31961
532	27.60958
533	27.89956
534	28.27238
535	28.6452
536	28.31898
537	27.99276
538	27.66654
539	27.34032
540	27.54227
541	27.74422
542	27.94616
543	28.14811
544	27.2989
545	26.44969
546	25.60049
547	25.66262
548	25.72476
549	25.7869
550	25.80761
551	25.82832
552	25.84903
553	25.26494
554	24.68086
555	24.09677
556	23.51268
557	22.92859
558	21.77905
559	20.62952
560	19.47998
561	18.33044
562	18.51686
563	17.7505
564	16.98414
565	16.21778
566	16.27992
567	16.34206
568	16.40419
569	17.66247
570	18.92075
571	20.17902
572	21.4373
573	22.36936
574	23.30141
575	24.23347
576	24.82377
577	25.41407
578	26.25292
579	27.09178
580	27.61994
581	28.14811
582	28.33452
583	28.52093
584	28.70734
585	28.81608
586	28.92482
587	29.03356
588	29.1423
589	29.279
590	29.4157
591	29.5524
592	29.68911
593	29.82581
594	29.86723
595	29.90866
596	29.95008
597	29.74296
598	29.53583
599	29.32871
600	29.16301
601	28.99731
602	28.83161
603	28.62967
604	28.42772
605	28.22578
606	28.02383
607	28.31898
608	28.61413
609	28.90929
610	29.20444
611	29.51512
612	29.82581
613	30.13649
614	30.44718
615	30.30219
616	30.15721
617	30.01222
618	29.0957
619	28.17917
620	27.26265
621	26.34613
622	26.86808
623	27.39003
624	27.91199
625	28.43394
626	28.95589
627	29.12987
628	29.30386
629	29.47784
630	29.65182
631	29.82581
632	29.82581
633	29.9128
634	29.99979
635	30.08678
636	30.17378
637	30.26077
638	30.1862
639	30.11164
640	30.03707
641	29.96251
642	29.88795
643	29.85688
644	29.82581
645	29.79474
646	29.76367
647	30.04329
648	30.3229
649	30.49378
650	30.66466
651	30.83554
652	31.00641
653	30.29184
654	29.57726
655	29.39085
656	29.20444
657	28.58307
658	27.9617
659	27.34032
660	26.81216
661	26.28399
662	25.24837
663	24.21276
664	23.17714
665	20.13242
666	17.0877
667	16.63203
668	16.17636
669	15.72069
670	17.19644
671	18.6722
672	20.14795
673	21.62371
674	23.6121
675	25.60049
676	27.58887
677	29.01803
678	30.44718
679	30.59631
680	30.74544
681	30.89457
682	31.0437
683	31.19282
684	30.57145
685	29.95008
686	29.32871
687	29.35978
688	29.39085
689	29.42192
690	29.45299
691	29.45299
692	29.45299
693	29.45299
694	29.45299
695	29.28729
696	29.12159
697	28.95589
698	29.04909
699	29.1423
700	29.1423
701	29.1423
702	29.1423
703	29.1423
704	29.05531
705	28.96832
706	28.88132
707	28.79433
708	28.70734
709	28.5986
710	28.48986
711	28.38112
712	28.27238
713	27.71315
714	27.89956
715	28.08597
716	28.21024
717	28.33452
718	28.45879
719	28.58307
720	28.24131
721	27.89956
722	27.5578
723	27.21605
724	26.197
725	25.17795
726	24.1589
727	23.13986
728	22.12081
729	22.80432
730	23.48782
731	24.17133
732	24.85484
733	25.56942
734	26.28399
735	26.99857
736	27.71315
737	27.65101
738	27.58887
739	27.52674
740	27.4646
741	27.16634
742	26.86808
743	26.56982
744	26.27157
745	25.97331
746	26.57397
747	27.17463
748	27.77528
749	28.16882
750	28.56235
751	28.95589
752	29.08016
753	29.20444
754	29.32871
755	29.45299
756	29.84652
757	30.24006
758	30.63359
759	30.38504
760	30.13649
761	29.88795
762	29.6394
763	29.39085
764	29.1423
765	28.8109
766	28.4795
767	28.14811
768	28.0984
769	28.04869
770	27.99898
771	27.94927
772	27.89956
773	27.11249
774	26.32542
775	25.53835
776	25.50728
777	25.47621
778	25.93603
779	26.39584
780	26.85565
781	27.31547
782	27.77528
783	29.08016
784	30.38504
785	30.41611
786	30.44718
787	30.41611
788	30.38504
789	30.57145
790	30.75786
791	30.94428
792	29.91901
793	28.89375
794	28.23096
795	27.56816
796	26.90536
797	26.95507
798	27.00478
799	27.05449
800	27.1042
801	27.15391
802	27.9617
803	28.76948
804	29.57726
805	29.88795
806	30.19863
807	30.50932
808	29.97079
809	29.43227
810	28.89375
811	28.61413
812	28.33452
813	27.18498
814	26.03544
815	26.25292
816	26.4704
817	26.9675
818	27.4646
819	27.9617
820	28.45879
821	28.95589
822	29.45299
823	29.17337
824	28.89375
825	27.71315
826	26.53254
827	25.77136
828	25.01018
829	24.249
830	23.48782
831	24.97911
832	24.90144
833	24.82377
834	24.7461
835	24.66843
836	23.98492
837	23.30141
838	22.50916
839	21.71692
840	20.92467
841	20.13242
842	15.19252
843	10.25262
844	10.34583
845	10.43903
846	10.53224
847	10.62544
848	10.72901
849	10.83257
850	10.93613
851	11.03969
852	11.14325
853	11.24682
854	11.91257
855	12.57832
856	13.24408
857	13.90983
858	14.57559
859	15.24134
860	15.9071
861	17.30518
862	18.70327
863	20.10135
864	21.49944
865	21.85155
866	22.20366
867	22.55577
868	22.74218
869	22.92859
870	22.47292
871	22.01725
872	21.56157
873	21.71692
874	21.87226
875	22.0276
876	22.18294
877	22.63344
878	23.08393
879	23.53443
880	23.98492
881	24.21276
882	24.44059
883	24.66843
884	24.73057
885	24.7927
886	24.83413
887	24.87555
888	24.91698
889	24.93251
890	24.94805
891	24.96358
892	24.97911
893	25.22766
894	25.14481
895	25.06196
896	24.97911
897	25.35194
898	25.72476
899	25.91117
900	26.09758
901	26.28399
902	26.31506
903	26.34613
904	26.19079
905	26.03544
906	25.1531
907	24.27075
908	23.3884
909	22.50606
910	21.62371
911	21.54915
912	21.47458
913	21.40002
914	21.32545
915	21.25089
916	21.04894
917	20.847
918	20.64505
919	20.44311
920	20.10135
921	19.7596
922	20.13242
923	20.50524
924	20.87807
925	19.83727
926	18.79647
927	17.75568
928	16.71488
929	14.10512
930	11.49536
931	8.88561
932	6.27585
933	7.99793
934	9.72002
935	11.4421
936	13.16419
937	14.88627
938	16.60836
939	18.33044
940	17.11877
941	15.9071
942	14.69542
943	13.48375
944	11.71284
945	9.94194
946	8.17103
947	6.40012
948	8.41336
949	10.42661
950	12.43985
951	14.45309
952	16.46633
953	18.39258
954	17.50195
955	16.61132
956	15.72069
957	13.91871
958	12.11673
959	10.31476
960	10.58025
961	10.84575
962	11.11124
963	11.37674
964	11.64223
965	11.90773
966	12.17322
967	12.43872
968	12.70421
969	12.96971
970	13.2352
971	12.8106
972	12.386
973	11.96139
974	11.53679
975	11.11218
976	10.68758
977	8.60599
978	6.5244
979	4.4428
980	2.36121
981	2.24315
982	2.12509
983	2.00703
984	1.88897
985	1.77091
986	1.65285
987	1.53479
988	1.41673
989	1.29867
990	1.1806
991	1.06254
992	0.94448
993	0.82642
994	0.70836
995	0.5903
996	0.47224
997	0.35418
998	0.23612
999	0.11806
1000	0
1001	0.0158
1002	0.0316
1003	0.04739
1004	0.06319
1005	0.07899
1006	0.09479
1007	0.11058
1008	0.12638
1009	0.14218
1010	0.15798
1011	0.17377
1012	0.18957
1013	0.20537
1014	0.22117
1015	0.23696
1016	0.25276
1017	0.26856
1018	0.28436
1019	0.30015
1020	0.31595
1021	0.33175
1022	0.34755
1023	0.36334
1024	0.37914
1025	0.39494
1026	0.41074
1027	0.42653
1028	0.44233
1029	0.45813
1030	0.47393
1031	0.48972
1032	0.50552
1033	0.52132
1034	0.53712
1035	0.55291
1036	0.56871
1037	0.58451
1038	0.60031
1039	0.61611
1040	0.6319
1041	0.6477
1042	0.6635
1043	0.6793
1044	0.69509
1045	0.71089
1046	0.72669
1047	0.74249
1048	0.75828
1049	0.77408
1050	0.78988
1051	0.80568
1052	0.82147
1053	0.83727
1054	0.85307
1055	0.86887
1056	0.88466
1057	0.90046
1058	0.91626
1059	0.93206
1060	0.79891
1061	0.66575
1062	0.5326
1063	0.39945
1064	0.2663
1065	0.13315
1066	0
